0,605
0.23694,603.78
0.47389,616.16
0.71083,580.52
0.94777,684.74
1.1847,698.01
1.4217,601.47
1.6586,894.27
1.8955,734.76
2.1325,648.37
2.3694,803.13
2.6064,854.78
2.8433,758.55
3.0803,1142.7
3.3172,1217.5
3.5541,1265.4
3.7911,1122.6
4.028,1082.6
4.265,1134.5
4.5019,1449.5
4.7389,1339.9
4.9758,1101.7
5.2127,1121
5.4497,1080.4
5.6866,1029.8
5.9236,846.69
6.1605,1017.8
6.3975,1161.8
6.6344,1096.8
6.8713,938.94
7.1083,937.7
7.3452,1031.7
7.5822,1129.2
7.8191,1376.8
8.0561,1186.8
8.293,1095
8.5299,1178
8.7669,1126.6
9.0038,1223.9
9.2408,1281.9
9.4777,1091
9.7147,899.28
9.9516,899.08
10.189,927.22
10.425,1144.2
10.662,1198.7
10.899,1390.6
11.136,1276.4
11.373,999.65
11.61,1245
11.847,1357.3
12.084,1352.4
12.321,1318.7
12.558,1317.9
12.795,1180.8
13.032,1639.7
13.269,1525.5
13.506,1521.9
13.743,1393.9
13.98,1189.2
14.217,1167.7
14.454,1171.2
14.69,1273.1
14.927,1356.6
15.164,1041.8
15.401,1222.2
15.638,1286.7
15.875,1518.5
16.112,1536.5
16.349,1502.9
16.586,1252.3
16.823,1244.8
17.06,1169.6
17.297,1409.5
17.534,1217.9
17.771,1254.2
18.008,1514.4
18.245,1570.9
18.482,1534.6
18.718,1574.1
18.955,1671.3
19.192,1544.6
19.429,1454.9
19.666,1129.6
19.903,1177.9
20.14,1329.8
20.377,1512.3
20.614,1669
20.851,1565
21.088,1664.3
21.325,1671.7
21.562,1662.9
21.799,1875.1
22.036,1871.3
22.273,1651.8
22.51,1536.8
22.747,1423
22.983,1832.4
23.22,1832.5
23.457,1604.9
23.694,1654.4
23.931,1843
24.168,1643.9
24.405,1493.4
24.642,1357.2
24.879,1387.1
25.116,1247
25.353,1453.9
25.59,1859.1
25.827,1488.4
26.064,1552.3
26.301,1438.5
26.538,1518.6
26.775,1393.6
27.011,1272.3
27.248,1351.7
27.485,1189.3
27.722,1627.5
27.959,1604.5
28.196,1483.3
28.433,1580.8
28.67,1572
28.907,1573.2
29.144,1680.4
29.381,1821.3
29.618,1521.1
29.855,1256
30.092,1376
30.329,1670.3
30.566,1773.1
30.803,1552.6
31.04,1535.8
31.276,1538.8
31.513,1506.1
31.75,1301.4
31.987,1308.2
32.224,1406.8
32.461,1120.3
32.698,1152.9
32.935,1103.3
33.172,1155.2
33.409,1350.5
33.646,1265.3
33.883,1191.7
34.12,1193.6
34.357,953.26
34.594,963.93
34.831,1092.5
35.068,1063.9
35.304,992.07
35.541,961.51
35.778,953.78
36.015,845.91
36.252,817.56
36.489,909.12
36.726,1131.1
36.963,1052.1
37.2,939.96
37.437,669.09
37.674,592.33
37.911,715.5
38.148,750.02
38.385,769.14
38.622,648.16
38.859,675.47
39.096,761.29
39.333,649.62
39.569,506.77
39.806,708.42
40.043,907.11
40.28,720.16
40.517,573.42
40.754,647.88
40.991,663.56
41.228,614.08
41.465,531.33
41.702,512.28
41.939,488.92
42.176,511.29
42.413,543.39
42.65,610.35
42.887,585.17
43.124,558.98
43.361,464.37
43.597,518.22
43.834,427.31
44.071,526.62
44.308,732.55
44.545,580.26
44.782,517.13
45.019,560.27
45.256,623.21
45.493,407.2
45.73,526.87
45.967,644.63
46.204,524.29
46.441,487.69
46.678,624.33
46.915,527.15
47.152,585.95
47.389,460.45
47.626,443
47.862,456.74
48.099,555.57
48.336,375.27
48.573,363.58
48.81,354.88
49.047,428.5
49.284,360.62
49.521,481.54
49.758,403.8
49.995,289.62
50.232,495.82
50.469,382.14
50.706,326.77
50.943,298.39
51.18,527.69
51.417,495.16
51.654,452.58
51.89,462.62
52.127,680.92
52.364,521.25
52.601,471.88
52.838,334.67
53.075,431.76
53.312,532.55
53.549,727.1
53.786,677.93
54.023,703.98
54.26,605.51
54.497,744.09
54.734,688.97
54.971,769.64
55.208,549.1
55.445,653.46
55.682,535.36
55.919,449.11
56.155,534.17
56.392,459.46
56.629,672.56
56.866,586.41
57.103,460.22
57.34,449.85
57.577,502
57.814,568.87
58.051,557.2
58.288,663.1
58.525,578.15
58.762,576.66
58.999,675.84
59.236,774.68
59.473,552.14
59.71,514.84
59.947,523.18
60.183,523.38
60.42,813.83
60.657,787.26
60.894,634.12
61.131,777.92
61.368,778.61
61.605,539.39
61.842,580.65
62.079,713.34
62.316,682.77
62.553,732.38
62.79,676.02
63.027,539.76
63.264,608.02
63.501,656.41
63.738,642.83
63.975,714.09
64.212,819.48
64.448,735.17
64.685,689.63
64.922,649.42
65.159,731.8
65.396,679.23
65.633,940.63
65.87,815.5
66.107,748.85
66.344,764.19
66.581,739.86
66.818,935.11
67.055,811.96
67.292,724.18
67.529,757.57
67.766,516.2
68.003,528.08
68.24,658.87
68.476,681.62
68.713,694.53
68.95,806.26
69.187,778.23
69.424,932.99
69.661,707.45
69.898,649.03
70.135,741.99
70.372,718.86
70.609,813.78
70.846,787.19
71.083,674.54
71.32,664.87
71.557,583.37
71.794,602.64
72.031,705.65
72.268,668.03
72.505,555.33
72.741,661.55
72.978,709.85
73.215,700.54
73.452,779.9
73.689,775.46
73.926,579.51
74.163,482.15
74.4,632.17
74.637,626.38
74.874,639.59
75.111,711.47
75.348,662.47
75.585,664.03
75.822,680.12
76.059,735.24
76.296,791
76.533,761.06
76.769,789.91
77.006,674.84
77.243,733.71
77.48,738.81
77.717,649.54
77.954,851.78
78.191,857.25
78.428,851.03
78.665,875.05
78.902,959.5
79.139,859.61
79.376,686.92
79.613,706.42
79.85,876.85
80.087,889.99
80.324,803.53
80.561,870.18
80.798,781.84
81.034,849.04
81.271,819.06
81.508,891.74
81.745,743.12
81.982,526.63
82.219,556.23
82.456,611.68
82.693,739.3
82.93,698.34
83.167,800.81
83.404,725.84
83.641,623.04
83.878,684.64
84.115,722.24
84.352,719.01
84.589,848.78
84.826,910.3
85.063,1015.1
85.299,889.35
85.536,921.56
85.773,819.18
86.01,963.1
86.247,807.71
86.484,936.14
86.721,957.42
86.958,1238.3
87.195,960.6
87.432,767.19
87.669,651.02
87.906,700.28
88.143,583
88.38,628.77
88.617,897.08
88.854,800.57
89.091,726.38
89.327,782.2
89.564,699.79
89.801,615.39
90.038,555.77
90.275,469.18
90.512,494.47
90.749,394.8
90.986,664.71
91.223,597.76
91.46,410.89
91.697,542.92
91.934,437.85
92.171,680.47
92.408,675.76
92.645,587.28
